289,6
289,5
289,4
289,3
289,2
289,1
288,4
288,3
288,2
288,1
287,4
287,3
287,2
287,1
286,4
286,3
286,2
286,1
285,4
285,3
285,2
285,1
4294967294,1086
284,5
284,4
284,3
284,2
284,1
283,4
283,3
283,2
283,1
4294967294,1426
282,5
282,4
282,3
282,2
282,1
4294967294,1422
281,4
281,3
281,2
281,1
280,4
280,3
280,2
280,1
279,6
279,5
4294967279,465
279,4
279,3
279,2
279,1
278,4
278,3
278,2
278,1
277,5
277,4
277,3
277,2
277,1
276,4
276,3
276,2
276,1
274,27
274,26
274,25
274,24
274,23
274,22
274,21
274,20
274,19
274,18
274,17
274,16
274,15
274,14
274,13
274,12
274,11
274,10
274,9
274,8
274,7
274,6
274,5
273,11
273,10
273,9
273,8
273,7
273,6
273,5
272,23
272,22
272,21
272,20
272,19
272,18
272,17
272,16
272,15
272,14
272,13
272,12
272,11
272,10
272,9
272,8
272,7
272,6
272,5
275,4
275,3
275,2
275,1
274,4
274,3
274,2
274,1
273,4
273,3
273,2
273,1
272,4
272,3
272,2
272,1
271,5
271,4
271,3
271,2
271,1
270,4
270,3
270,2
270,1
269,5
269,4
269,3
269,2
269,1
268,4
268,3
268,2
268,1
267,4
267,3
267,2
267,1
4294967294,1423
4294967294,1424
266,6
266,5
266,4
266,3
266,2
266,1
265,4
265,3
265,2
265,1
264,5
264,4
264,3
264,2
264,1
263,4
263,3
263,2
263,1
259,23
259,22
259,21
259,20
259,19
259,18
259,17
259,16
259,15
259,14
259,13
259,12
259,11
259,10
259,9
259,8
259,7
259,6
259,5
261,27
261,26
261,25
261,24
261,23
261,22
261,21
261,20
261,19
261,18
261,17
261,16
261,15
261,14
261,13
261,12
261,11
261,10
261,9
261,8
261,7
261,6
261,5
262,4
262,3
262,2
262,1
261,4
261,3
261,2
261,1
260,4
260,3
260,2
260,1
259,4
259,3
259,2
259,1
258,5
258,4
258,3
258,2
258,1
257,4
257,3
257,2
257,1
256,5
256,4
256,3
256,2
256,1
255,4
255,3
255,2
255,1
254,4
254,3
254,2
254,1
253,6
253,5
253,4
253,3
253,2
253,1
252,4
252,3
252,2
252,1
251,5
251,4
251,3
251,2
251,1
250,4
250,3
250,2
250,1
247,11
247,10
247,9
247,8
247,7
247,6
247,5
246,23
246,22
246,21
246,20
246,19
246,18
246,17
246,16
246,15
246,14
246,13
246,12
246,11
246,10
246,9
246,8
246,7
246,6
246,5
248,27
248,26
4294967278,396
248,25
248,24
248,23
248,22
248,21
248,20
248,19
248,18
248,17
4294967278,395
248,16
248,15
248,14
248,13
248,12
248,11
248,10
248,9
248,8
248,7
248,6
248,5
249,4
249,3
249,2
249,1
248,4
248,3
248,2
248,1
247,4
247,3
247,2
247,1
246,4
246,3
246,2
246,1
245,5
245,4
245,3
245,2
245,1
244,4
244,3
244,2
244,1
243,5
243,4
243,3
243,2
243,1
242,4
242,3
242,2
242,1
241,4
241,3
241,2
241,1
240,6
240,5
240,4
240,3
240,2
240,1
239,4
239,3
239,2
239,1
4294967278,394
238,5
238,4
238,3
238,2
238,1
237,4
237,3
237,2
237,1
4294967278,393
235,27
235,26
235,25
235,24
235,23
235,22
235,21
235,20
235,19
235,18
235,17
235,16
235,15
235,14
235,13
235,12
235,11
235,10
235,9
235,8
235,7
235,6
235,5
236,4
236,3
236,2
236,1
235,4
235,3
235,2
235,1
234,4
234,3
234,2
234,1
233,4
233,3
233,2
233,1
232,5
232,4
232,3
232,2
232,1
231,4
231,3
231,2
231,1
230,5
230,4
230,3
230,2
230,1
229,4
229,3
229,2
229,1
228,4
228,3
228,2
228,1
227,6
227,5
227,4
227,3
227,2
227,1
226,4
226,3
226,2
226,1
225,5
225,4
225,3
225,2
225,1
224,4
224,3
224,2
224,1
222,21
222,20
222,19
222,18
222,17
222,16
222,15
222,14
222,13
222,12
222,11
222,10
222,9
222,8
222,7
222,6
222,5
223,4
223,3
223,2
223,1
222,4
222,3
222,2
222,1
221,4
221,3
221,2
221,1
220,4
220,3
220,2
220,1
219,5
219,4
219,3
219,2
219,1
218,4
218,3
218,2
218,1
217,5
217,4
217,3
217,2
217,1
216,4
216,3
216,2
216,1
215,4
215,3
215,2
215,1
214,6
214,5
214,4
214,3
214,2
214,1
213,4
213,3
213,2
213,1
212,5
212,4
212,3
212,2
212,1
211,4
211,3
211,2
211,1
4294967279,464
209,21
209,20
209,19
209,18
209,17
209,16
209,15
209,14
209,13
209,12
209,11
209,10
209,9
209,8
209,7
209,6
209,5
210,4
210,3
210,2
210,1
209,4
209,3
209,2
209,1
208,4
208,3
208,2
208,1
207,4
207,3
207,2
207,1
206,5
206,4
206,3
206,2
206,1
205,4
205,3
205,2
205,1
204,5
204,4
204,3
204,2
204,1
203,4
203,3
203,2
203,1
202,4
202,3
202,2
202,1
4294967278,392
201,6
201,5
201,4
201,3
201,2
201,1
200,4
200,3
200,2
200,1
199,5
199,4
199,3
199,2
199,1
198,4
198,3
198,2
198,1
196,21
196,20
196,19
196,18
196,17
196,16
196,15
196,14
196,13
196,12
196,11
196,10
196,9
196,8
196,7
196,6
196,5
197,4
197,3
197,2
197,1
4294967294,492
196,4
196,3
196,2
196,1
195,4
195,3
195,2
195,1
4294967294,491
194,4
194,3
194,2
194,1
4294967294,490
4294967294,489
193,5
193,4
193,3
193,2
193,1
192,4
192,3
192,2
192,1
191,5
191,4
191,3
191,2
191,1
4294967279,463
190,4
190,3
190,2
190,1
189,4
189,3
189,2
189,1
4294967294,1425
188,6
188,5
188,4
188,3
188,2
188,1
187,4
187,3
187,2
187,1
186,5
186,4
186,3
186,2
186,1
185,4
185,3
185,2
185,1
183,21
183,20
183,19
183,18
183,17
183,16
4294967279,462
183,15
183,14
183,13
183,12
183,11
183,10
183,9
183,8
183,7
183,6
183,5
184,4
184,3
184,2
184,1
183,4
183,3
183,2
183,1
182,4
182,3
182,2
182,1
181,4
181,3
181,2
181,1
180,5
180,4
180,3
180,2
180,1
179,4
179,3
179,2
179,1
178,5
178,4
178,3
178,2
178,1
4294967279,461
177,4
177,3
177,2
177,1
176,4
176,3
176,2
176,1
175,6
175,5
175,4
175,3
175,2
175,1
174,4
174,3
174,2
174,1
173,5
173,4
173,3
173,2
173,1
172,4
172,3
172,2
172,1
4294967279,460
170,21
170,20
170,19
170,18
170,17
170,16
4294967279,459
170,15
170,14
170,13
170,12
170,11
